CNN Classification Report:
              precision    recall  f1-score   support

           0       1.00      0.99      0.99       980
           1       1.00      1.00      1.00      1135
           2       0.99      1.00      0.99      1032
           3       0.99      0.99      0.99      1010
           4       0.99      1.00      1.00       982
           5       0.99      0.99      0.99       892
           6       0.99      0.99      0.99       958
           7       0.99      0.99      0.99      1028
           8       0.99      0.99      0.99       974
           9       0.99      0.99      0.99      1009

    accuracy                           0.99     10000
   macro avg       0.99      0.99      0.99     10000
weighted avg       0.99      0.99      0.99     10000


CNN-SVM Classification Report:
              precision    recall  f1-score   support

           0       0.99      1.00      0.99       980
           1       1.00      1.00      1.00      1135
           2       0.99      0.99      0.99      1032
           3       0.99      1.00      0.99      1010
           4       0.99      1.00      1.00       982
           5       0.99      0.99      0.99       892
           6       1.00      0.99      0.99       958
           7       0.99      0.99      0.99      1028
           8       0.99      0.99      0.99       974
           9       0.99      0.99      0.99      1009

    accuracy                           0.99     10000
   macro avg       0.99      0.99      0.99     10000
weighted avg       0.99      0.99      0.99     10000


SVM (Pixels) Classification Report:
              precision    recall  f1-score   support

           0       0.97      0.98      0.97       980
           1       0.98      0.99      0.99      1135
           2       0.90      0.95      0.93      1032
           3       0.95      0.94      0.95      1010
           4       0.96      0.95      0.95       982
           5       0.96      0.93      0.94       892
           6       0.95      0.95      0.95       958
           7       0.94      0.95      0.94      1028
           8       0.95      0.93      0.94       974
           9       0.95      0.93      0.94      1009

    accuracy                           0.95     10000
   macro avg       0.95      0.95      0.95     10000
weighted avg       0.95      0.95      0.95     10000
